0.000000000000000000e+00 0.000000000000000000e+00 0.000000000000000000e+00 0.000000000000000000e+00 0.000000000000000000e+00 0.000000000000000000e+00 0.000000000000000000e+00 0.000000000000000000e+00 0.000000000000000000e+00 0.000000000000000000e+00 0.000000000000000000e+00 0.000000000000000000e+00 0.000000000000000000e+00 0.000000000000000000e+00 0.000000000000000000e+00 0.000000000000000000e+00 0.000000000000000000e+00 0.000000000000000000e+00 0.000000000000000000e+00 0.000000000000000000e+00 0.000000000000000000e+00 0.000000000000000000e+00 0.000000000000000000e+00 0.000000000000000000e+00 0.000000000000000000e+00 0.000000000000000000e+00 0.000000000000000000e+00 0.000000000000000000e+00 0.000000000000000000e+00 0.000000000000000000e+00
0.000000000000000000e+00 0.000000000000000000e+00 0.000000000000000000e+00 0.000000000000000000e+00 0.000000000000000000e+00 0.000000000000000000e+00 0.000000000000000000e+00 0.000000000000000000e+00 0.000000000000000000e+00 0.000000000000000000e+00 0.000000000000000000e+00 9.932201678346579278e-320 8.165201132601261069e-310 3.325971884396860040e-303 6.712656389870607892e-300 6.712656389870607892e-300 3.325971884396860040e-303 8.165201132601261069e-310 9.932201678346579278e-320 0.000000000000000000e+00 0.000000000000000000e+00 0.000000000000000000e+00 0.000000000000000000e+00 0.000000000000000000e+00 0.000000000000000000e+00 0.000000000000000000e+00 0.000000000000000000e+00 0.000000000000000000e+00 0.000000000000000000e+00 0.000000000000000000e+00
0.000000000000000000e+00 0.000000000000000000e+00 0.000000000000000000e+00 0.000000000000000000e+00 0.000000000000000000e+00 0.000000000000000000e+00 0.000000000000000000e+00 0.000000000000000000e+00 0.000000000000000000e+00 1.647945065755351917e-306 5.518511433669435596e-290 9.156411870589045794e-277 7.527536144332007182e-267 3.066228641309192317e-260 6.188428524741094408e-257 6.188428524741094408e-257 3.066228641309192317e-260 7.527536144332862801e-267 9.156411870589045794e-277 5.518511433669435596e-290 1.647945065755351917e-306 0.000000000000000000e+00 0.000000000000000000e+00 0.000000000000000000e+00 0.000000000000000000e+00 0.000000000000000000e+00 0.000000000000000000e+00 0.000000000000000000e+00 0.000000000000000000e+00 0.000000000000000000e+00
0.000000000000000000e+00 0.000000000000000000e+00 0.000000000000000000e+00 0.000000000000000000e+00 0.000000000000000000e+00 0.000000000000000000e+00 0.000000000000000000e+00 8.165201132599383619e-310 1.113775832308593355e-286 7.527536144332007182e-267 2.520763291391073668e-250 4.182495080723891419e-237 3.438452020137720162e-227 1.400601719309063787e-220 2.826770161494820896e-217 2.826770161494820896e-217 1.400601719309063787e-220 3.438452020137720162e-227 4.182495080723891419e-237 2.520763291391073668e-250 7.527536144331151563e-267 1.113775832308593355e-286 8.165201132600322344e-310 0.000000000000000000e+00 0.000000000000000000e+00 0.000000000000000000e+00 0.000000000000000000e+00 0.000000000000000000e+00 0.000000000000000000e+00 0.000000000000000000e+00
0.000000000000000000e+00 0.000000000000000000e+00 0.000000000000000000e+00 0.000000000000000000e+00 0.000000000000000000e+00 0.000000000000000000e+00 6.712656389869081381e-300 1.847996579277628478e-273 2.520763291391360228e-250 1.703676470329116182e-230 5.705140466241426632e-214 9.466070065517962673e-201 7.782107835477008536e-191 3.169924591177245437e-184 6.397713300644037853e-181 6.397713300644037853e-181 3.169924591177245437e-184 7.782107835477008536e-191 9.466070065517962673e-201 5.705140466241426632e-214 1.703676470328922587e-230 2.520763291391360228e-250 1.847996579277838631e-273 6.712656389869081381e-300 0.000000000000000000e+00 0.000000000000000000e+00 0.000000000000000000e+00 0.000000000000000000e+00 0.000000000000000000e+00 0.000000000000000000e+00
0.000000000000000000e+00 0.000000000000000000e+00 0.000000000000000000e+00 0.000000000000000000e+00 0.000000000000000000e+00 1.354784627610943824e-296 7.527536144332007182e-267 2.072333251871628433e-240 2.826770161495142148e-217 1.910493471407831228e-197 6.397713300644765603e-181 1.061519917368442092e-167 8.726813143460334801e-158 3.554736090902301709e-151 7.174360687425396403e-148 7.174360687425396403e-148 3.554736090902301709e-151 8.726813143460334801e-158 1.061519917368442092e-167 6.397713300644765603e-181 1.910493471407831228e-197 2.826770161495142148e-217 2.072333251871863930e-240 7.527536144332007182e-267 1.354784627610943824e-296 0.000000000000000000e+00 0.000000000000000000e+00 0.000000000000000000e+00 0.000000000000000000e+00 0.000000000000000000e+00
0.000000000000000000e+00 0.000000000000000000e+00 0.000000000000000000e+00 0.000000000000000000e+00 6.712656389869081381e-300 7.527536144332007182e-267 4.182495080723416213e-237 1.151442313312439128e-210 1.570627104021476254e-187 1.061519917368200723e-167 3.554736090901897423e-151 5.898081055149053508e-138 4.848844607727127661e-128 1.975103928881661778e-121 3.986261601026823446e-118 3.986261601026823446e-118 1.975103928881661778e-121 4.848844607727127661e-128 5.898081055149053508e-138 3.554736090901897423e-151 1.061519917368200723e-167 1.570627104021476254e-187 1.151442313312570156e-210 4.182495080723416213e-237 7.527536144332007182e-267 6.712656389869843973e-300 0.000000000000000000e+00 0.000000000000000000e+00 0.000000000000000000e+00 0.000000000000000000e+00
0.000000000000000000e+00 0.000000000000000000e+00 0.000000000000000000e+00 8.165201132599383619e-310 1.847996579277628478e-273 2.072333251871628433e-240 1.151442313312439128e-210 3.169924591177245437e-184 4.323941740758987887e-161 2.922367930365623968e-141 9.786200506457855638e-125 1.623743713541980502e-111 1.334888563944991136e-101 5.437467810507889876e-95 1.097419169841823861e-91 1.097419169841823861e-91 5.437467810507889876e-95 1.334888563945029047e-101 1.623743713541980502e-111 9.786200506457855638e-125 2.922367930365291838e-141 4.323941740758987887e-161 3.169924591177605487e-184 1.151442313312439128e-210 2.072333251871628433e-240 1.847996579277838631e-273 8.165201132599383619e-310 0.000000000000000000e+00 0.000000000000000000e+00 0.000000000000000000e+00
0.000000000000000000e+00 0.000000000000000000e+00 0.000000000000000000e+00 1.113775832308593355e-286 2.520763291391360228e-250 2.826770161495142148e-217 1.570627104021476254e-187 4.323941740758987887e-161 5.898081055149722969e-138 3.986261601027276917e-118 1.334888563945066957e-101 2.214870738193532181e-88 1.820857315334268776e-78 7.416988434149100797e-72 1.496936731174880553e-68 1.496936731174880553e-68 7.416988434149100797e-72 1.820857315334320551e-78 2.214870738193532181e-88 1.334888563945066957e-101 3.986261601026823446e-118 5.898081055149722969e-138 4.323941740758987887e-161 1.570627104021476254e-187 2.826770161495142148e-217 2.520763291391360228e-250 1.113775832308593355e-286 0.000000000000000000e+00 0.000000000000000000e+00 0.000000000000000000e+00
0.000000000000000000e+00 0.000000000000000000e+00 1.647945065755351917e-306 7.527536144332007182e-267 1.703676470329116182e-230 1.910493471407831228e-197 1.061519917368200723e-167 2.922367930365623968e-141 3.986261601027276917e-118 2.694144316302672115e-98 9.021942856242393747e-82 1.496936731174795516e-68 1.230639852046311844e-58 5.012826360617292273e-52 1.011715735143988144e-48 1.011715735143988144e-48 5.012826360617292273e-52 1.230639852046346864e-58 1.496936731174795516e-68 9.021942856242393747e-82 2.694144316302518782e-98 3.986261601027276917e-118 2.922367930365623968e-141 1.061519917368200723e-167 1.910493471407831228e-197 1.703676470329116182e-230 7.527536144332007182e-267 1.647945065755351917e-306 0.000000000000000000e+00 0.000000000000000000e+00
0.000000000000000000e+00 0.000000000000000000e+00 5.518511433669435596e-290 2.520763291391073668e-250 5.705140466241426632e-214 6.397713300644765603e-181 3.554736090901897423e-151 9.786200506457855638e-125 1.334888563945066957e-101 9.021942856242393747e-82 3.021198694099905347e-65 5.012826360617292273e-52 4.121071894549944995e-42 1.678656659188182330e-35 3.387955683738839067e-32 3.387955683738839067e-32 1.678656659188182330e-35 4.121071894550062247e-42 5.012826360617292273e-52 3.021198694099905347e-65 9.021942856241879933e-82 1.334888563945066957e-101 9.786200506458968286e-125 3.554736090901897423e-151 6.397713300644765603e-181 5.705140466242074663e-214 2.520763291391073668e-250 5.518511433669435596e-290 0.000000000000000000e+00 0.000000000000000000e+00
0.000000000000000000e+00 9.932201678346579278e-320 9.156411870589045794e-277 4.182495080723891419e-237 9.466070065517962673e-201 1.061519917368442092e-167 5.898081055149053508e-138 1.623743713541980502e-111 2.214870738193532181e-88 1.496936731174795516e-68 5.012826360617292273e-52 8.317370244722028864e-39 6.837755446982819418e-29 2.785256847898669419e-22 5.621356050899851781e-19 5.621356050899851781e-19 2.785256847898669419e-22 6.837755446983013358e-29 8.317370244722028864e-39 5.012826360617292273e-52 1.496936731174710272e-68 2.214870738193532181e-88 1.623743713542072832e-111 5.898081055149053508e-138 1.061519917368442092e-167 9.466070065519038883e-201 4.182495080723891419e-237 9.156411870589045794e-277 9.932201678346579278e-320 0.000000000000000000e+00
0.000000000000000000e+00 8.165201132601261069e-310 7.527536144332007182e-267 3.438452020137720162e-227 7.782107835477008536e-191 8.726813143460334801e-158 4.848844607727127661e-128 1.334888563944991136e-101 1.820857315334268776e-78 1.230639852046311844e-58 4.121071894549944995e-42 6.837755446982819418e-29 5.621356050899931707e-19 2.289774847410536759e-12 4.621347472280872857e-09 4.621347472280872857e-09 2.289774847410536759e-12 5.621356050900090596e-19 6.837755446982819418e-29 4.121071894549944995e-42 1.230639852046241981e-58 1.820857315334268776e-78 1.334888563945066957e-101 4.848844607727127661e-128 8.726813143460334801e-158 7.782107835477893124e-191 3.438452020137720162e-227 7.527536144332007182e-267 8.165201132601261069e-310 0.000000000000000000e+00
0.000000000000000000e+00 3.325971884396860040e-303 3.066228641309192317e-260 1.400601719309063787e-220 3.169924591177245437e-184 3.554736090902301709e-151 1.975103928881661778e-121 5.437467810507889876e-95 7.416988434149100797e-72 5.012826360617292273e-52 1.678656659188182330e-35 2.785256847898669419e-22 2.289774847410536759e-12 9.327053480262186179e-06 1.882436392101315831e-02 1.882436392101315831e-02 9.327053480262186179e-06 2.289774847410602190e-12 2.785256847898669419e-22 1.678656659188182330e-35 5.012826360617006664e-52 7.416988434149100797e-72 5.437467810508198578e-95 1.975103928881661778e-121 3.554736090902301709e-151 3.169924591177605487e-184 1.400601719309063787e-220 3.066228641309192317e-260 3.325971884396860040e-303 0.000000000000000000e+00
0.000000000000000000e+00 6.712656389870607892e-300 6.188428524741094408e-257 2.826770161494820896e-217 6.397713300644037853e-181 7.174360687425396403e-148 3.986261601026823446e-118 1.097419169841823861e-91 1.496936731174880553e-68 1.011715735143988144e-48 3.387955683738839067e-32 5.621356050899851781e-19 4.621347472280872857e-09 1.882436392101315831e-02 3.799234965046873214e+01 3.799234965046873214e+01 1.882436392101315831e-02 4.621347472281020095e-09 5.621356050899851781e-19 3.387955683738839067e-32 1.011715735143930715e-48 1.496936731174880553e-68 1.097419169841886265e-91 3.986261601026823446e-118 7.174360687425396403e-148 6.397713300644765603e-181 2.826770161494820896e-217 6.188428524741094408e-257 6.712656389870607892e-300 0.000000000000000000e+00
0.000000000000000000e+00 6.712656389870607892e-300 6.188428524741094408e-257 2.826770161494820896e-217 6.397713300644037853e-181 7.174360687425396403e-148 3.986261601026823446e-118 1.097419169841823861e-91 1.496936731174880553e-68 1.011715735143988144e-48 3.387955683738839067e-32 5.621356050899851781e-19 4.621347472280872857e-09 1.882436392101315831e-02 3.799234965046873214e+01 3.799234965046873214e+01 1.882436392101315831e-02 4.621347472281020095e-09 5.621356050899851781e-19 3.387955683738839067e-32 1.011715735143930715e-48 1.496936731174880553e-68 1.097419169841886265e-91 3.986261601026823446e-118 7.174360687425396403e-148 6.397713300644765603e-181 2.826770161494820896e-217 6.188428524741094408e-257 6.712656389870607892e-300 0.000000000000000000e+00
0.000000000000000000e+00 3.325971884396860040e-303 3.066228641309192317e-260 1.400601719309063787e-220 3.169924591177245437e-184 3.554736090902301709e-151 1.975103928881661778e-121 5.437467810507889876e-95 7.416988434149100797e-72 5.012826360617292273e-52 1.678656659188182330e-35 2.785256847898669419e-22 2.289774847410536759e-12 9.327053480262186179e-06 1.882436392101315831e-02 1.882436392101315831e-02 9.327053480262186179e-06 2.289774847410602190e-12 2.785256847898669419e-22 1.678656659188182330e-35 5.012826360617006664e-52 7.416988434149100797e-72 5.437467810508198578e-95 1.975103928881661778e-121 3.554736090902301709e-151 3.169924591177605487e-184 1.400601719309063787e-220 3.066228641309192317e-260 3.325971884396860040e-303 0.000000000000000000e+00
0.000000000000000000e+00 8.165201132601261069e-310 7.527536144332862801e-267 3.438452020137720162e-227 7.782107835477008536e-191 8.726813143460334801e-158 4.848844607727127661e-128 1.334888563945029047e-101 1.820857315334320551e-78 1.230639852046346864e-58 4.121071894550062247e-42 6.837755446983013358e-29 5.621356050900090596e-19 2.289774847410602190e-12 4.621347472281020095e-09 4.621347472281020095e-09 2.289774847410602190e-12 5.621356050900290893e-19 6.837755446983013358e-29 4.121071894550062247e-42 1.230639852046276824e-58 1.820857315334320551e-78 1.334888563945104868e-101 4.848844607727127661e-128 8.726813143460334801e-158 7.782107835477893124e-191 3.438452020137720162e-227 7.527536144332862801e-267 8.165201132601261069e-310 0.000000000000000000e+00
0.000000000000000000e+00 9.932201678346579278e-320 9.156411870589045794e-277 4.182495080723891419e-237 9.466070065517962673e-201 1.061519917368442092e-167 5.898081055149053508e-138 1.623743713541980502e-111 2.214870738193532181e-88 1.496936731174795516e-68 5.012826360617292273e-52 8.317370244722028864e-39 6.837755446982819418e-29 2.785256847898669419e-22 5.621356050899851781e-19 5.621356050899851781e-19 2.785256847898669419e-22 6.837755446983013358e-29 8.317370244722028864e-39 5.012826360617292273e-52 1.496936731174710272e-68 2.214870738193532181e-88 1.623743713542072832e-111 5.898081055149053508e-138 1.061519917368442092e-167 9.466070065519038883e-201 4.182495080723891419e-237 9.156411870589045794e-277 9.932201678346579278e-320 0.000000000000000000e+00
0.000000000000000000e+00 0.000000000000000000e+00 5.518511433669435596e-290 2.520763291391073668e-250 5.705140466241426632e-214 6.397713300644765603e-181 3.554736090901897423e-151 9.786200506457855638e-125 1.334888563945066957e-101 9.021942856242393747e-82 3.021198694099905347e-65 5.012826360617292273e-52 4.121071894549944995e-42 1.678656659188182330e-35 3.387955683738839067e-32 3.387955683738839067e-32 1.678656659188182330e-35 4.121071894550062247e-42 5.012826360617292273e-52 3.021198694099905347e-65 9.021942856241879933e-82 1.334888563945066957e-101 9.786200506458968286e-125 3.554736090901897423e-151 6.397713300644765603e-181 5.705140466242074663e-214 2.520763291391073668e-250 5.518511433669435596e-290 0.000000000000000000e+00 0.000000000000000000e+00
0.000000000000000000e+00 0.000000000000000000e+00 1.647945065755351917e-306 7.527536144331151563e-267 1.703676470328922587e-230 1.910493471407831228e-197 1.061519917368200723e-167 2.922367930365291838e-141 3.986261601026823446e-118 2.694144316302518782e-98 9.021942856241879933e-82 1.496936731174710272e-68 1.230639852046241981e-58 5.012826360617006664e-52 1.011715735143930715e-48 1.011715735143930715e-48 5.012826360617006664e-52 1.230639852046276824e-58 1.496936731174710272e-68 9.021942856241879933e-82 2.694144316302365775e-98 3.986261601026823446e-118 2.922367930365623968e-141 1.061519917368200723e-167 1.910493471407831228e-197 1.703676470329116182e-230 7.527536144331151563e-267 1.647945065755351917e-306 0.000000000000000000e+00 0.000000000000000000e+00
0.000000000000000000e+00 0.000000000000000000e+00 0.000000000000000000e+00 1.113775832308593355e-286 2.520763291391360228e-250 2.826770161495142148e-217 1.570627104021476254e-187 4.323941740758987887e-161 5.898081055149722969e-138 3.986261601027276917e-118 1.334888563945066957e-101 2.214870738193532181e-88 1.820857315334268776e-78 7.416988434149100797e-72 1.496936731174880553e-68 1.496936731174880553e-68 7.416988434149100797e-72 1.820857315334320551e-78 2.214870738193532181e-88 1.334888563945066957e-101 3.986261601026823446e-118 5.898081055149722969e-138 4.323941740758987887e-161 1.570627104021476254e-187 2.826770161495142148e-217 2.520763291391360228e-250 1.113775832308593355e-286 0.000000000000000000e+00 0.000000000000000000e+00 0.000000000000000000e+00
0.000000000000000000e+00 0.000000000000000000e+00 0.000000000000000000e+00 8.165201132600322344e-310 1.847996579277838631e-273 2.072333251871863930e-240 1.151442313312570156e-210 3.169924591177605487e-184 4.323941740758987887e-161 2.922367930365623968e-141 9.786200506458968286e-125 1.623743713542072832e-111 1.334888563945066957e-101 5.437467810508198578e-95 1.097419169841886265e-91 1.097419169841886265e-91 5.437467810508198578e-95 1.334888563945104868e-101 1.623743713542072832e-111 9.786200506458968286e-125 2.922367930365623968e-141 4.323941740758987887e-161 3.169924591177605487e-184 1.151442313312570156e-210 2.072333251871863930e-240 1.847996579278048783e-273 8.165201132600322344e-310 0.000000000000000000e+00 0.000000000000000000e+00 0.000000000000000000e+00
0.000000000000000000e+00 0.000000000000000000e+00 0.000000000000000000e+00 0.000000000000000000e+00 6.712656389869081381e-300 7.527536144332007182e-267 4.182495080723416213e-237 1.151442313312439128e-210 1.570627104021476254e-187 1.061519917368200723e-167 3.554736090901897423e-151 5.898081055149053508e-138 4.848844607727127661e-128 1.975103928881661778e-121 3.986261601026823446e-118 3.986261601026823446e-118 1.975103928881661778e-121 4.848844607727127661e-128 5.898081055149053508e-138 3.554736090901897423e-151 1.061519917368200723e-167 1.570627104021476254e-187 1.151442313312570156e-210 4.182495080723416213e-237 7.527536144332007182e-267 6.712656389869843973e-300 0.000000000000000000e+00 0.000000000000000000e+00 0.000000000000000000e+00 0.000000000000000000e+00
0.000000000000000000e+00 0.000000000000000000e+00 0.000000000000000000e+00 0.000000000000000000e+00 0.000000000000000000e+00 1.354784627610943824e-296 7.527536144332007182e-267 2.072333251871628433e-240 2.826770161495142148e-217 1.910493471407831228e-197 6.397713300644765603e-181 1.061519917368442092e-167 8.726813143460334801e-158 3.554736090902301709e-151 7.174360687425396403e-148 7.174360687425396403e-148 3.554736090902301709e-151 8.726813143460334801e-158 1.061519917368442092e-167 6.397713300644765603e-181 1.910493471407831228e-197 2.826770161495142148e-217 2.072333251871863930e-240 7.527536144332007182e-267 1.354784627610943824e-296 0.000000000000000000e+00 0.000000000000000000e+00 0.000000000000000000e+00 0.000000000000000000e+00 0.000000000000000000e+00
0.000000000000000000e+00 0.000000000000000000e+00 0.000000000000000000e+00 0.000000000000000000e+00 0.000000000000000000e+00 0.000000000000000000e+00 6.712656389869843973e-300 1.847996579277838631e-273 2.520763291391360228e-250 1.703676470329116182e-230 5.705140466242074663e-214 9.466070065519038883e-201 7.782107835477893124e-191 3.169924591177605487e-184 6.397713300644765603e-181 6.397713300644765603e-181 3.169924591177605487e-184 7.782107835477893124e-191 9.466070065519038883e-201 5.705140466242074663e-214 1.703676470329116182e-230 2.520763291391360228e-250 1.847996579278048783e-273 6.712656389869843973e-300 0.000000000000000000e+00 0.000000000000000000e+00 0.000000000000000000e+00 0.000000000000000000e+00 0.000000000000000000e+00 0.000000000000000000e+00
0.000000000000000000e+00 0.000000000000000000e+00 0.000000000000000000e+00 0.000000000000000000e+00 0.000000000000000000e+00 0.000000000000000000e+00 0.000000000000000000e+00 8.165201132599383619e-310 1.113775832308593355e-286 7.527536144332007182e-267 2.520763291391073668e-250 4.182495080723891419e-237 3.438452020137720162e-227 1.400601719309063787e-220 2.826770161494820896e-217 2.826770161494820896e-217 1.400601719309063787e-220 3.438452020137720162e-227 4.182495080723891419e-237 2.520763291391073668e-250 7.527536144331151563e-267 1.113775832308593355e-286 8.165201132600322344e-310 0.000000000000000000e+00 0.000000000000000000e+00 0.000000000000000000e+00 0.000000000000000000e+00 0.000000000000000000e+00 0.000000000000000000e+00 0.000000000000000000e+00
0.000000000000000000e+00 0.000000000000000000e+00 0.000000000000000000e+00 0.000000000000000000e+00 0.000000000000000000e+00 0.000000000000000000e+00 0.000000000000000000e+00 0.000000000000000000e+00 0.000000000000000000e+00 1.647945065755351917e-306 5.518511433669435596e-290 9.156411870589045794e-277 7.527536144332007182e-267 3.066228641309192317e-260 6.188428524741094408e-257 6.188428524741094408e-257 3.066228641309192317e-260 7.527536144332862801e-267 9.156411870589045794e-277 5.518511433669435596e-290 1.647945065755351917e-306 0.000000000000000000e+00 0.000000000000000000e+00 0.000000000000000000e+00 0.000000000000000000e+00 0.000000000000000000e+00 0.000000000000000000e+00 0.000000000000000000e+00 0.000000000000000000e+00 0.000000000000000000e+00
0.000000000000000000e+00 0.000000000000000000e+00 0.000000000000000000e+00 0.000000000000000000e+00 0.000000000000000000e+00 0.000000000000000000e+00 0.000000000000000000e+00 0.000000000000000000e+00 0.000000000000000000e+00 0.000000000000000000e+00 0.000000000000000000e+00 9.932201678346579278e-320 8.165201132601261069e-310 3.325971884396860040e-303 6.712656389870607892e-300 6.712656389870607892e-300 3.325971884396860040e-303 8.165201132601261069e-310 9.932201678346579278e-320 0.000000000000000000e+00 0.000000000000000000e+00 0.000000000000000000e+00 0.000000000000000000e+00 0.000000000000000000e+00 0.000000000000000000e+00 0.000000000000000000e+00 0.000000000000000000e+00 0.000000000000000000e+00 0.000000000000000000e+00 0.000000000000000000e+00
0.000000000000000000e+00 0.000000000000000000e+00 0.000000000000000000e+00 0.000000000000000000e+00 0.000000000000000000e+00 0.000000000000000000e+00 0.000000000000000000e+00 0.000000000000000000e+00 0.000000000000000000e+00 0.000000000000000000e+00 0.000000000000000000e+00 0.000000000000000000e+00 0.000000000000000000e+00 0.000000000000000000e+00 0.000000000000000000e+00 0.000000000000000000e+00 0.000000000000000000e+00 0.000000000000000000e+00 0.000000000000000000e+00 0.000000000000000000e+00 0.000000000000000000e+00 0.000000000000000000e+00 0.000000000000000000e+00 0.000000000000000000e+00 0.000000000000000000e+00 0.000000000000000000e+00 0.000000000000000000e+00 0.000000000000000000e+00 0.000000000000000000e+00 0.000000000000000000e+00
